1 0.999926355619122 0
1 1 0.5
0.6078380753295077 1 1
1 0.13121887704076285 0
1 1 0.5
0.691146490830186 1 1
1 0.6842463937558809 0
1 1 0.5
0.8563725644259639 1 1
1 0.5104851943174401 0
1 1 0.5
0.9228517255967611 1 1
1 0.6947780703588596 0
1 1 0.5
0.09897842109296073 1 1
1 0.40263233603236637 0
1 1 0.5
0.8910501076093372 1 1
1 0.5012028282141255 0
1 1 0.5
0.11480774531209592 1 1
1 0.05890259117232843 0
1 1 0.5
0.8730382010879322 1 1
1 0.2005684660862571 0
1 1 0.5
0.12404287560263172 1 1
1 0.3630912107574955 0
1 1 0.5
0.5923618972812617 1 1
1 0.5073661674982755 0
1 1 0.5
0.2556617808486644 1 1
1 0.6184685739175095 0
1 1 0.5
0.4587173996627206 1 1
1 0.253554673482999 0
1 1 0.5
0.17263494036029348 1 1
1 0.8390194719389689 0
1 1 0.5
0.7741836685542336 1 1
1 0.4585746108413501 0
1 1 0.5
0.7426993449020769 1 1
1 0.051847709427201405 0
1 1 0.5
0.9104158967720086 1 1
1 0.05930820197151476 0
1 1 0.5
0.9051532444146199 1 1
1 0.6207476019911122 0
1 1 0.5
0.6868401742483722 1 1
1 0.18153050616154554 0
1 1 0.5
0.4535019513149676 1 1
1 0.882962494863914 0
1 1 0.5
0.25145992906014536 1 1
1 0.06665236574447264 0
1 1 0.5
0.7055081490718336 1 1
1 0.45028097124327693 0
1 1 0.5
0.3115309100833261 1 1
1 0.15254214334950422 0
1 1 0.5
0.19832963732075615 1 1
1 0.8541509898615991 0
1 1 0.5
0.7967211427535412 1 1
1 0.17420779829156285 0
1 1 0.5
0.18011531855717966 1 1
1 0.09221508207587559 0
1 1 0.5
0.6102148138393222 1 1
1 0.6848286724822641 0
1 1 0.5
0.4930526017592537 1 1
1 0.6862178042894973 0
1 1 0.5
0.8719705912898131 1 1
1 0.7084263417945995 0
1 1 0.5
0.04131526997224266 1 1
1 0.19006469580038432 0
1 1 0.5
0.4673915988560916 1 1
1 0.2777863883032827 0
1 1 0.5
0.9188110223788506 1 1
1 0.1568217388913593 0
1 1 0.5
0.49057054763876484 1 1
1 0.15187210478116675 0
1 1 0.5
0.05455688554486804 1 1
1 0.7902734029099989 0
1 1 0.5
0.6186920841150979 1 1
1 0.8830125910952081 0
1 1 0.5
0.8685360644257534 1 1
1 0.6968594603382728 0
1 1 0.5
0.6524862899562794 1 1
1 0.7943339705324851 0
1 1 0.5
0.7602668174975867 1 1
1 0.5445850795082698 0
1 1 0.5
0.5604707308354411 1 1
1 0.7591769655748577 0
1 1 0.5
0.3768849966396174 1 1
1 0.8201791812724459 0
1 1 0.5
0.8439436430192335 1 1
1 0.2722645892809573 0
1 1 0.5
0.9179907145381052 1 1
1 0.7685477298245934 0
1 1 0.5
0.16134130985085016 1 1
1 0.3654029655982841 0
1 1 0.5
0.711437669257104 1 1
1 0.26150166139900444 0
1 1 0.5
0.04613234672462885 1 1
1 0.9390182371205449 0
1 1 0.5
0.16888516123747122 1 1
1 0.15008541162203493 0
1 1 0.5
0.97347491502151 1 1
1 0.08300853795399177 0
1 1 0.5
0.41391178728029565 1 1
1 0.514741317580419 0
1 1 0.5
0.19081461777213604 1 1
1 0.984563589153849 0
1 1 0.5
0.4290572679040686 1 1
1 0.16743089356182417 0
1 1 0.5
0.678513549983732 1 1
1 0.2916956299450505 0
1 1 0.5
0.8339460631558973 1 1
1 0.6480611035385792 0
1 1 0.5
0.6889505348482604 1 1
1 0.7768995577161012 0
1 1 0.5
0.7499028609860602 1 1
1 0.5395641360387944 0
1 1 0.5
0.701574107538976 1 1
1 0.5081235467643109 0
1 1 0.5
0.4394203677799984 1 1
1 0.697467651770204 0
1 1 0.5
0.7125048695809835 1 1
1 0.3119224501448383 0
1 1 0.5
0.6227409024554813 1 1
1 0.9154703803125753 0
1 1 0.5
0.15569143193242285 1 1
1 0.3941038243337136 0
1 1 0.5
0.2004019651175427 1 1
1 0.4724809419550937 0
1 1 0.5
0.21813551610631532 1 1
1 0.7883165481226799 0
1 1 0.5
0.29688465877992887 1 1
1 0.7642387569884417 0
1 1 0.5
0.3361098829180599 1 1
1 0.27838757479591725 0
1 1 0.5
0.08192037635615967 1 1
1 0.8334026014274698 0
1 1 0.5
0.31449998490231623 1 1
1 0.25056259812789716 0
1 1 0.5
0.014635010522910386 1 1
1 0.11131843277451459 0
1 1 0.5
0.20366100038703194 1 1
1 0.1324909638850047 0
1 1 0.5
0.7021865905994059 1 1
1 0.7472800392349928 0
1 1 0.5
0.4331221498036164 1 1
1 0.028330537109293674 0
1 1 0.5
0.7634397032852087 1 1
1 0.07537049478981528 0
1 1 0.5
0.7736385479024964 1 1
1 0.653441673576164 0
1 1 0.5
0.8443001379914632 1 1
1 0.9861761325236521 0
1 1 0.5
0.5332764643362913 1 1
1 0.3150959353353081 0
1 1 0.5
0.8043272671475741 1 1
1 0.6895027166655907 0
1 1 0.5
0.6666104470620243 1 1
1 0.6680697412501259 0
1 1 0.5
0.14842323185368644 1 1
1 0.7880967153180994 0
1 1 0.5
0.09531514153216025 1 1
1 0.6415280240417194 0
1 1 0.5
0.9049484217934822 1 1
1 0.6248664353686961 0
1 1 0.5
0.5642205837676979 1 1
1 0.9591593300843573 0
1 1 0.5
0.446818091794035 1 1
1 0.46309000124094035 0
1 1 0.5
0.8035308521916396 1 1
1 0.43401032418817476 0
1 1 0.5
0.9292627447121063 1 1
1 0.4812678546686876 0
1 1 0.5
0.7320873530220003 1 1
1 0.0498772615487717 0
1 1 0.5
0.0835321072626588 1 1
1 0.12175774914777615 0
1 1 0.5
0.23177273320963587 1 1
1 0.24499183761743737 0
1 1 0.5
0.35103202291751623 1 1
1 0.6611007020998851 0
1 1 0.5
0.45538169787792193 1 1
1 0.4790315994131429 0
1 1 0.5
0.27002083442937175 1 1
1 0.7251333490433107 0
1 1 0.5
0.12320861358659341 1 1
1 0.08171525942299196 0
1 1 0.5
0.5889988927511011 1 1
1 0.9637118607929389 0
1 1 0.5
0.38712385695652696 1 1
1 0.3108835820497602 0
1 1 0.5
0.18573467938537958 1 1
1 0.27386306760692913 0
1 1 0.5
0.044805392974066494 1 1
1 0.8917804758368127 0
1 1 0.5
0.8347586308377757 1 1
1 0.43727036725673185 0
1 1 0.5
0.19266558609053486 1 1
1 0.7283440789437021 0
1 1 0.5
0.23308178812088387 1 1
1 0.45548120043980367 0
1 1 0.5
0.3645299759204341 1 1
1 0.07564456281983467 0
1 1 0.5
0.67297709520754 1 1
1 0.5307357004234742 0
1 1 0.5
0.6146406475772628 1 1
1 0.754432205884261 0
1 1 0.5
0.3573230803125137 1 1
1 0.2342726534924301 0
1 1 0.5
0.35766881270158046 1 1
1 0.790998051100154 0
1 1 0.5
0.2382525434291487 1 1
1 0.8807310223757907 0
1 1 0.5
0.5786742299687228 1 1
1 0.7232039496023529 0
1 1 0.5
0.13256247955548106 1 1
1 0.4390851150722802 0
1 1 0.5
0.23040030224790709 1 1
1 0.7528688683321179 0
1 1 0.5
0.4584946751869321 1 1
1 0.5132061832469406 0
1 1 0.5
0.853599094807535 1 1
1 0.8225126803692223 0
1 1 0.5
0.27765120241007935 1 1
1 0.5566191192389199 0
1 1 0.5
0.8459095398387677 1 1
1 0.5362807787273054 0
1 1 0.5
0.1273142146007622 1 1
1 0.008259048080550002 0
1 1 0.5
0.23022066511716122 1 1
1 0.8342266440304491 0
1 1 0.5
0.39004916917137733 1 1
1 0.9698542241718662 0
1 1 0.5
0.7704198898745245 1 1
1 0.7640213432664692 0
1 1 0.5
0.11767763731096748 1 1
1 0.7956157475340496 0
1 1 0.5
0.9350855719851205 1 1
1 0.8588219729060721 0
1 1 0.5
0.596049895122134 1 1
1 0.7334688926349728 0
1 1 0.5
0.2637564318290573 1 1
1 0.5375026948386156 0
1 1 0.5
0.9755540365753234 1 1
1 0.8017631766304961 0
1 1 0.5
0.1454995074581804 1 1
1 0.5377690668105524 0
1 1 0.5
0.8148348075673002 1 1
1 0.8168076941381968 0
1 1 0.5
0.5423838596118907 1 1
1 0.8224909486147808 0
1 1 0.5
0.02238940388587829 1 1
1 0.7995652101174462 0
1 1 0.5
0.05944094940176925 1 1
1 0.012203636100674209 0
1 1 0.5
0.07258646431426719 1 1
1 0.02429189141618715 0
1 1 0.5
0.13055297059612636 1 1
1 0.42819998554761096 0
1 1 0.5
0.09643070178874058 1 1
1 0.9396434953049716 0
1 1 0.5
0.8571300574750951 1 1
1 0.9454342371047272 0
1 1 0.5
0.1721950950420933 1 1
1 0.44136601285931376 0
1 1 0.5
0.5060986117827576 1 1
1 0.30643834134093517 0
1 1 0.5
0.47385845634008905 1 1
1 0.3528671551941397 0
1 1 0.5
0.16080919623378553 1 1
1 0.8095695432597825 0
1 1 0.5
0.11300719229321143 1 1
1 0.8003020863116499 0
1 1 0.5
0.6040182938728603 1 1
1 0.4517768143934594 0
1 1 0.5
0.480769449469003 1 1
1 0.7832482517144671 0
1 1 0.5
0.04901717941874828 1 1
1 0.3640886081706961 0
1 1 0.5
0.5301855356373536 1 1
1 0.20410528265844485 0
1 1 0.5
0.3782484236085325 1 1
1 0.5805349356701551 0
1 1 0.5
0.6359619521456864 1 1
1 0.6540270762983632 0
1 1 0.5
0.7127931540537807 1 1
1 0.648672488627481 0
1 1 0.5
0.9290089316395593 1 1
1 0.956225286817138 0
1 1 0.5
0.36556728893344803 1 1
1 0.397921639076917 0
1 1 0.5
0.8457364268590017 1 1
1 0.08847148534727656 0
1 1 0.5
0.11097586729037079 1 1
1 0.6053867587382034 0
1 1 0.5
0.6879401116260241 1 1
1 0.13408619297274538 0
1 1 0.5
0.35857274899013236 1 1
1 0.9908936533966879 0
1 1 0.5
0.09363193086147725 1 1
1 0.017113441398474816 0
1 1 0.5
0.06580670624457696 1 1
1 0.7376987393034109 0
1 1 0.5
0.5118209561772964 1 1
1 0.21956555581665482 0
1 1 0.5
0.7792019396565183 1 1
1 0.18639583876286248 0
1 1 0.5
0.22055871813872874 1 1
1 0.9729077534036153 0
1 1 0.5
0.583895860892691 1 1
1 0.5258349628323755 0
1 1 0.5
0.9864217969598118 1 1
1 0.3970840936615123 0
1 1 0.5
0.8028143403426037 1 1
1 0.6706494611571475 0
1 1 0.5
0.16979877461231307 1 1
1 0.43779558608308244 0
1 1 0.5
0.8220094963851523 1 1
1 0.7615171922188384 0
1 1 0.5
0.18001674909470078 1 1
1 0.6335082048987504 0
1 1 0.5
0.07383084185032818 1 1
1 0.8830263857827899 0
1 1 0.5
0.6702902558418357 1 1
1 0.9686256543214037 0
1 1 0.5
0.24494921715960982 1 1
1 0.7982136211812652 0
1 1 0.5
0.28279386014076147 1 1
1 0.1649822330698355 0
1 1 0.5
0.26318809300746604 1 1
1 0.8603331378657274 0
1 1 0.5
0.2692376999916961 1 1
1 0.5725187472688004 0
1 1 0.5
0.7035357390170598 1 1
1 0.9057489030001541 0
1 1 0.5
0.7436003551378929 1 1
1 0.9335003859262204 0
1 1 0.5
0.7858635024137711 1 1
1 0.39423506087148374 0
1 1 0.5
0.2756252261454465 1 1
1 0.18583300276079673 0
1 1 0.5
0.4002833430401451 1 1
1 0.3304680336000172 0
1 1 0.5
0.45703314476141566 1 1
1 0.8883412834164175 0
1 1 0.5
0.5743413483068874 1 1
1 0.6961780556872739 0
1 1 0.5
0.819001370961769 1 1
1 0.6244268365262721 0
1 1 0.5
0.8515237464624771 1 1
1 0.6009227736935971 0
1 1 0.5
0.9179119300350436 1 1
1 0.2391402726515025 0
1 1 0.5
0.5688959435772805 1 1
1 0.0853435385199991 0
1 1 0.5
0.34171154959585115 1 1
1 0.8371875536580831 0
1 1 0.5
0.1568414644824091 1 1
1 0.5460842292380418 0
1 1 0.5
0.7346112672131384 1 1
1 0.2834960007878259 0
1 1 0.5
0.4317874758743352 1 1
1 0.5374188971018312 0
1 1 0.5
0.5549292916461589 1 1
1 0.2794271874633385 0
1 1 0.5
0.21429701212063912 1 1
1 0.0650371889655702 0
1 1 0.5
0.42187808682267247 1 1
1 0.7222172283685682 0
1 1 0.5
0.8322194025590015 1 1
1 0.6360570418371558 0
1 1 0.5
0.11885837313382741 1 1
1 0.7688234333414786 0
1 1 0.5
0.11860816712016242 1 1
1 0.6069770705882289 0
1 1 0.5
0.8703607470169326 1 1
1 0.5527282949642705 0
1 1 0.5
0.9454944673336522 1 1
1 0.9116860294239811 0
1 1 0.5
0.06905178271591406 1 1
1 0.7506915528696751 0
1 1 0.5
0.8867029456518437 1 1
1 0.8717978105016209 0
1 1 0.5
0.02921997570880086 1 1
1 0.41582032628954246 0
1 1 0.5
0.6362252037787638 1 1
1 0.3722236069221332 0
1 1 0.5
0.2674220315341611 1 1
1 0.04895346586436744 0
1 1 0.5
0.3128981013810127 1 1
1 0.8962274712836639 0
1 1 0.5
0.1647773618847277 1 1
1 0.7908412526834884 0
1 1 0.5
0.1271988498101967 1 1
1 0.4743855231108256 0
1 1 0.5
0.3108622114618018 1 1
1 0.6815717977056369 0
1 1 0.5
0.25064655897877564 1 1
1 0.40627725276470406 0
1 1 0.5
0.2131765679508031 1 1
1 0.27044153505483004 0
1 1 0.5
0.37339610073815765 1 1
1 0.9431750622783757 0
1 1 0.5
0.5808435080895186 1 1
1 0.10890832817289386 0
1 1 0.5
0.89983774610139 1 1
1 0.9146679268882991 0
1 1 0.5
0.1529414499360494 1 1
1 0.1336797503710866 0
1 1 0.5
0.2599039126301407 1 1
1 0.4109479135401459 0
1 1 0.5
0.6738395188754255 1 1
1 0.11662683820585207 0
1 1 0.5
0.7088805737522695 1 1
1 0.9366255520143282 0
1 1 0.5
0.9519546110537046 1 1
1 0.48998075364068017 0
1 1 0.5
0.6064688359876896 1 1
1 0.1603392962775726 0
1 1 0.5
0.9947952787787072 1 1
1 0.8665140757063178 0
1 1 0.5
0.5947648577750615 1 1
1 0.8126518797901751 0
1 1 0.5
0.6001001136592847 1 1
1 0.9688166362271602 0
1 1 0.5
0.9943673276133289 1 1
1 0.38174379391280977 0
1 1 0.5
0.25127659304143846 1 1
1 0.03474512328841928 0
1 1 0.5
0.04631062588819701 1 1
1 0.25449791439929215 0
1 1 0.5
0.9064949050402835 1 1
1 0.4652639005853898 0
1 1 0.5
0.5931390640606777 1 1
1 0.09839847829312587 0
1 1 0.5
0.7330199200977205 1 1
1 0.7055633091558653 0
1 1 0.5
0.588910378108536 1 1
1 0.8102090224716362 0
1 1 0.5
0.4762509651240825 1 1
1 0.7132686404865525 0
1 1 0.5
0.1955776979333893 1 1
1 0.6674260798027096 0
1 1 0.5
0.6444480862306085 1 1
1 0.6740291550829802 0
1 1 0.5
0.6203479410258124 1 1
1 0.42859648179392706 0
1 1 0.5
0.1900671122351847 1 1
1 0.7095947538068567 0
1 1 0.5
0.7879970984990279 1 1
1 0.889100689620925 0
1 1 0.5
0.359575304197147 1 1
1 0.45994956511770135 0
1 1 0.5
0.16421784041826448 1 1
1 0.41284156385012294 0
1 1 0.5
0.29079213515103675 1 1
1 0.7333598387616059 0
1 1 0.5
0.04195942957890242 1 1
1 0.3723809344973483 0
1 1 0.5
0.38011849074036075 1 1
1 0.23422299057331508 0
1 1 0.5
0.019530408502876018 1 1
1 0.15713848898529847 0
1 1 0.5
0.4102975975432581 1 1
1 0.7206637932923744 0
1 1 0.5
0.5363509601594706 1 1
1 0.867689754248846 0
1 1 0.5
0.036161764948845154 1 1
1 0.7421473250781787 0
1 1 0.5
0.5435233310876861 1 1
1 0.7703154863553375 0
1 1 0.5
0.6275088514588015 1 1
1 0.11253181691915193 0
1 1 0.5
0.8758393788231429 1 1
1 0.2971542346936138 0
1 1 0.5
0.051515511733581154 1 1
1 0.4664589043959203 0
1 1 0.5
0.33465648684079574 1 1
1 0.86449430172421 0
1 1 0.5
0.4139549658492214 1 1
1 0.4818892735345771 0
1 1 0.5
0.28807688297818534 1 1
1 0.18358744421293638 0
1 1 0.5
0.46863639507686516 1 1
1 0.17992150628788606 0
1 1 0.5
0.9044566794754897 1 1
1 0.0524714832933495 0
1 1 0.5
0.5227170244755192 1 1
1 0.13354505558778562 0
1 1 0.5
0.19374128002801716 1 1
1 0.39641950055801134 0
1 1 0.5
0.13275044368847477 1 1
1 0.8801160289886482 0
1 1 0.5
0.5160877468248842 1 1
1 0.3092267543766126 0
1 1 0.5
0.6193209722496469 1 1
1 0.1731579230409498 0
1 1 0.5
0.5913045306650833 1 1
1 0.4108940102456953 0
1 1 0.5
0.8793986176197485 1 1
1 0.6393589135725856 0
1 1 0.5
0.49972088780249657 1 1
1 0.04195152267659552 0
1 1 0.5
0.9830275245872392 1 1
1 0.7770889479876053 0
1 1 0.5
0.19180428223767754 1 1
1 0.9965809517482819 0
1 1 0.5
0.6414032796271776 1 1
1 0.045480361609059106 0
1 1 0.5
0.23109025014109774 1 1
1 0.1249962875284204 0
1 1 0.5
0.9536961976295381 1 1
1 0.847214086354817 0
1 1 0.5
0.20456222063346274 1 1
1 0.2805843336724759 0
1 1 0.5
0.33225232600455334 1 1
1 0.10691124607185098 0
1 1 0.5
0.9147340048935724 1 1
1 0.2339371342778639 0
1 1 0.5
0.5493502669736722 1 1
1 0.6935258639261027 0
1 1 0.5
0.32867656657152533 1 1
1 0.9373564190293868 0
1 1 0.5
0.29359174253498765 1 1
1 0.5165597925539211 0
1 1 0.5
0.07195761636156839 1 1
1 0.20625513724922384 0
1 1 0.5
0.2884598086350437 1 1
1 0.73923317608943 0
1 1 0.5
0.3305150411711194 1 1
1 0.5539498293735572 0
1 1 0.5
0.2286468879442033 1 1
1 0.897398601185087 0
1 1 0.5
0.7932196034111912 1 1
1 0.8296558890546111 0
1 1 0.5
0.6632269834125869 1 1
1 0.0098228557109733 0
1 1 0.5
0.7152423211700109 1 1
1 0.7679153652837765 0
1 1 0.5
0.5675347381891357 1 1
1 0.3383766071597174 0
1 1 0.5
0.10241287427773815 1 1
1 0.37245034983148273 0
1 1 0.5
0.3738976162325921 1 1
1 0.9303821064020525 0
1 1 0.5
0.014018275011872361 1 1
1 0.7532346234566781 0
1 1 0.5
0.10353032258838735 1 1
1 0.2520923694444571 0
1 1 0.5
0.9116733055442696 1 1
1 0.25351878728041954 0
1 1 0.5
0.16058406674922865 1 1
1 0.8919349561349902 0
1 1 0.5
0.0677035134735694 1 1
1 0.14608230770913755 0
1 1 0.5
0.4097202389473711 1 1
1 0.11778177742408824 0
1 1 0.5
0.8093506164192589 1 1
1 0.6395393519390887 0
1 1 0.5
0.5648654870588866 1 1
1 0.13897847450513046 0
1 1 0.5
0.5567345291555532 1 1
1 0.9171829146011249 0
1 1 0.5
0.9356278535353479 1 1
1 0.33632919985392506 0
1 1 0.5
0.675560527268081 1 1
1 0.31836407766305674 0
1 1 0.5
0.9882954102415971 1 1
1 0.8290494124205483 0
1 1 0.5
0.9440179592474981 1 1
1 0.8399474238817813 0
1 1 0.5
0.7427567444870989 1 1
1 0.33683838076829165 0
1 1 0.5
0.0938658214628183 1 1
1 0.45208683163238794 0
1 1 0.5
0.6410555638550154 1 1
1 0.6733059485731253 0
1 1 0.5
0.6900084387897749 1 1
1 0.8873319492175268 0
1 1 0.5
0.4830284976011373 1 1
1 0.5179114906641997 0
1 1 0.5
0.5991900027932742 1 1
1 0.8939153771740449 0
1 1 0.5
0.42559117823243675 1 1
1 0.8965811023631829 0
1 1 0.5
0.5895717821194123 1 1
1 0.5553983885052899 0
1 1 0.5
0.7069457721640202 1 1
1 0.7606662601407136 0
1 1 0.5
0.24476859936346285 1 1
1 0.35658433093361486 0
1 1 0.5
0.9418600093542857 1 1
1 0.008101630039250907 0
1 1 0.5
0.13492496494749862 1 1
1 0.17158438946787224 0
1 1 0.5
0.838180271867669 1 1
1 0.6642208390825234 0
1 1 0.5
0.6541414918227351 1 1
1 0.5175114809069862 0
1 1 0.5
0.04994964772331678 1 1
1 0.7739693167434383 0
1 1 0.5
0.8391508234085306 1 1
1 0.12246753993178061 0
1 1 0.5
0.18349259330768597 1 1
1 0.4999339786220265 0
1 1 0.5
0.19439361167761138 1 1
1 0.9556178302975197 0
1 1 0.5
0.6482787646506885 1 1
1 0.54543039330261 0
1 1 0.5
0.7345802008845967 1 1
1 0.8167275359599668 0
1 1 0.5
0.3257917679442983 1 1
1 0.7923454352477812 0
1 1 0.5
0.2470294855662869 1 1
1 0.5878335409006595 0
1 1 0.5
0.5903762517343851 1 1
1 0.8408158379848651 0
1 1 0.5
0.5567771008178926 1 1
1 0.11261214255033525 0
1 1 0.5
0.29121764882207646 1 1
1 0.052948690570760126 0
1 1 0.5
0.10070523874248893 1 1
1 0.3397148331161578 0
1 1 0.5
0.3282641833826917 1 1
1 0.38432573312754925 0
1 1 0.5
0.19529630473254334 1 1
1 0.9705615963550919 0
1 1 0.5
0.6020412541116384 1 1
1 0.505781390541777 0
1 1 0.5
0.5645360300912932 1 1
1 0.9996633134239671 0
1 1 0.5
0.060901105776782205 1 1
1 0.8342586105554541 0
1 1 0.5
0.9275572808822774 1 1
1 0.4614699439572395 0
1 1 0.5
0.13971524965513749 1 1
1 0.26992344104705723 0
1 1 0.5
0.6762998111868157 1 1
1 0.23007328885273848 0
1 1 0.5
0.24552321779187936 1 1
1 0.8703789215091863 0
1 1 0.5
0.2038407608963021 1 1
1 0.708278252198534 0
1 1 0.5
0.08651776078156614 1 1
1 0.9965780225826159 0
1 1 0.5
0.05717500039509904 1 1
1 0.2268029694414626 0
1 1 0.5
0.9548188308879768 1 1
1 0.030124566828976795 0
1 1 0.5
0.8711115617326197 1 1
1 0.9816343731826818 0
1 1 0.5
0.5910867096340703 1 1
1 0.2035822283359292 0
1 1 0.5
0.42105667423460935 1 1
1 0.05093684197569348 0
1 1 0.5
0.979595695111549 1 1
1 0.5887033521120257 0
1 1 0.5
0.1456680210278024 1 1
1 0.011097513580959895 0
1 1 0.5
0.132154531526129 1 1
1 0.745672039806122 0
1 1 0.5
0.6579379474485735 1 1
1 0.5539640249134387 0
1 1 0.5
0.018502616356607327 1 1
1 0.8304027436188783 0
1 1 0.5
0.9278357715234007 1 1
1 0.9803526902929516 0
1 1 0.5
0.2639376033937457 1 1
1 0.4094468916903615 0
1 1 0.5
0.4366983756314565 1 1
1 0.6295916542310295 0
1 1 0.5
0.2184051349495485 1 1
1 0.4682595813410524 0
1 1 0.5
0.6195759973330868 1 1
1 0.9229129259088535 0
1 1 0.5
0.4064910841941175 1 1
1 0.5675920530736217 0
1 1 0.5
0.9119389676770444 1 1
1 0.25346054735651824 0
1 1 0.5
0.6777462462530299 1 1
1 0.7010367359246753 0
1 1 0.5
0.9247282869718171 1 1
1 0.7797641974511275 0
1 1 0.5
0.43763076945939616 1 1
1 0.9765301083623785 0
1 1 0.5
0.7286993590132386 1 1
1 0.6587325337354808 0
1 1 0.5
0.3008176608066174 1 1
1 0.6296926049947017 0
1 1 0.5
0.8899093571583798 1 1
1 0.29606902774035904 0
1 1 0.5
0.37886075814836684 1 1
1 0.061849402392875286 0
1 1 0.5
0.19524892170425823 1 1
1 0.708043115860383 0
1 1 0.5
0.9229356214070047 1 1
1 0.3379660922354424 0
1 1 0.5
0.11713546060940971 1 1
1 0.743999379002862 0
1 1 0.5
0.5881516487206713 1 1
1 0.3319406246658987 0
1 1 0.5
0.3096663707021562 1 1
1 0.4763272015096801 0
1 1 0.5
0.47621711821004065 1 1
1 0.3328480958944663 0
1 1 0.5
0.8911014627653295 1 1
1 0.24057184509994922 0
1 1 0.5
0.5841379194603711 1 1
1 0.8119020141251995 0
1 1 0.5
0.36998806573549614 1 1
1 0.22411683879778466 0
1 1 0.5
0.4357809386809508 1 1
1 0.9478389240051511 0
1 1 0.5
0.7634311244217417 1 1
1 0.977535678793524 0
1 1 0.5
0.5637338025619959 1 1
1 0.512321637165307 0
1 1 0.5
0.6966865505132882 1 1
1 0.2899567365412117 0
1 1 0.5
0.29028784218064874 1 1
1 0.8387686802843876 0
1 1 0.5
0.6014716632119962 1 1
1 0.6733098248769421 0
1 1 0.5
0.316801654360204 1 1
1 0.07482891993993868 0
1 1 0.5
0.542799927627324 1 1
1 0.917553923989913 0
1 1 0.5
0.572870114198215 1 1
1 0.592370428403348 0
1 1 0.5
0.49672871303593913 1 1
1 0.35632612752992854 0
1 1 0.5
0.9437583186704868 1 1
1 0.09462842218243184 0
1 1 0.5
0.673111164526617 1 1
1 0.39396215618938213 0
1 1 0.5
0.27198046606679716 1 1
1 0.10425072095930776 0
1 1 0.5
0.15338094509425115 1 1
1 0.45249902852307733 0
1 1 0.5
0.23792418353025002 1 1
1 0.23473943019173105 0
1 1 0.5
0.07159115529346693 1 1
1 0.339307221006908 0
1 1 0.5
0.6035379738904698 1 1
1 0.11320631004372306 0
1 1 0.5
0.7094219715661955 1 1
1 0.3629444959790882 0
1 1 0.5
0.5736642603623756 1 1
1 0.4652857370605916 0
1 1 0.5
0.9026708162364969 1 1
1 0.40151436726527423 0
1 1 0.5
0.13686535662190835 1 1
1 0.7325174657598401 0
1 1 0.5
0.07931789877174333 1 1
1 0.003607443062592197 0
1 1 0.5
0.15403109097534784 1 1
1 0.5238241337628491 0
1 1 0.5
0.4672552160174446 1 1
1 0.8595060612738978 0
1 1 0.5
0.8063279703212946 1 1
1 0.18340413217134188 0
1 1 0.5
0.3607843208250059 1 1
1 0.6273906774922392 0
1 1 0.5
0.20312628256422516 1 1
1 0.11425308060865136 0
1 1 0.5
0.27806180668970615 1 1
1 0.2654532840040419 0
1 1 0.5
0.4406695110271527 1 1
1 0.3657364898712132 0
1 1 0.5
0.3483888184825239 1 1
1 0.9305537450050253 0
1 1 0.5
0.8773587037065893 1 1
1 0.9948698789128115 0
1 1 0.5
0.4663646736949286 1 1
1 0.9573646348923708 0
1 1 0.5
0.7350354429911241 1 1
1 0.28927195423340846 0
1 1 0.5
0.4261339916643718 1 1
1 0.4625560276661048 0
1 1 0.5
0.009284399286454192 1 1
1 0.4057953529532419 0
1 1 0.5
0.7000722821720514 1 1
1 0.11030537148793318 0
1 1 0.5
0.9509911021308269 1 1
1 0.7221598643135626 0
1 1 0.5
0.598019385934833 1 1
1 0.482838793279031 0
1 1 0.5
0.5710852344075362 1 1
1 0.14876757236976135 0
1 1 0.5
0.40111289449427967 1 1
1 0.4984149773477037 0
1 1 0.5
0.7057956532215149 1 1
1 0.43810633297365364 0
1 1 0.5
0.3842279613530222 1 1
1 0.035068578992173416 0
1 1 0.5
0.5522275881323802 1 1
1 0.5105571991645816 0
1 1 0.5
0.9364682751956505 1 1
1 0.09922387131089061 0
1 1 0.5
0.2616230187560118 1 1
1 0.7444107535796338 0
1 1 0.5
0.08322956363014666 1 1
1 0.4077811179138213 0
1 1 0.5
0.398198844240335 1 1
1 0.7044079960474955 0
1 1 0.5
0.9027796931449713 1 1
1 0.8467620136591515 0
1 1 0.5
0.052512400478644916 1 1
1 0.6469647153358543 0
1 1 0.5
0.4834648832518742 1 1
1 0.6442682135034775 0
1 1 0.5
0.7757757422574436 1 1
1 0.6342168162934646 0
1 1 0.5
0.9027145798015481 1 1
1 0.6215691282564084 0
1 1 0.5
0.37673626840753416 1 1
1 0.7651260043004272 0
1 1 0.5
0.4527924842343952 1 1
1 0.6892105922842575 0
1 1 0.5
0.37613479908688907 1 1
1 0.8157375435146225 0
1 1 0.5
0.43772215909222745 1 1
1 0.8671259213074052 0
1 1 0.5
0.8075548484287601 1 1
1 0.24914727259001046 0
1 1 0.5
0.32500900943270183 1 1
1 0.7676693146927289 0
1 1 0.5
0.08564268140150122 1 1
1 0.776222538409198 0
1 1 0.5
0.3298191539105866 1 1
1 0.38824000089749233 0
1 1 0.5
0.5592919209241837 1 1
1 0.5630323741243779 0
1 1 0.5
0.4940955162827704 1 1
1 0.12197717132774177 0
1 1 0.5
0.8574009372849061 1 1
1 0.5397113764314506 0
1 1 0.5
0.026054983438721147 1 1
1 0.9022142897958594 0
1 1 0.5
0.09115872793616264 1 1
1 0.6828092453579905 0
1 1 0.5
0.7156229366115168 1 1
1 0.7290462630811873 0
1 1 0.5
0.6090531716426232 1 1
1 0.7573119901874128 0
1 1 0.5
0.3921345051789805 1 1
1 0.3791639576271211 0
1 1 0.5
0.98457877977632 1 1
1 0.3773944400931146 0
1 1 0.5
0.09168576700982722 1 1
1 0.020430343230806614 0
1 1 0.5
0.5630153783592946 1 1
1 0.47307746267421014 0
1 1 0.5
0.3175262540199051 1 1
1 0.7300560061800229 0
1 1 0.5
0.3164460112440213 1 1
1 0.7323783896909545 0
1 1 0.5
0.4297552945362637 1 1
1 0.48375293142204046 0
1 1 0.5
0.3313334439348623 1 1
1 0.001284407962699019 0
1 1 0.5
0.23383381914911372 1 1
1 0.12901800452356316 0
1 1 0.5
0.207635325613031 1 1
1 0.7253284192614888 0
1 1 0.5
0.20252930047943496 1 1
1 0.4413447152936234 0
1 1 0.5
0.8263041166690404 1 1
1 0.3503413894045333 0
1 1 0.5
0.2423213893620929 1 1
1 0.9231102728987575 0
1 1 0.5
0.4916359274018022 1 1
1 0.993234350106556 0
1 1 0.5
0.884724224257655 1 1
1 0.9405382750199743 0
1 1 0.5
0.2181352971288928 1 1
1 0.4333252405463863 0
1 1 0.5
0.6818209331561801 1 1
1 0.7522069230248497 0
1 1 0.5
0.9795146763438992 1 1
1 0.3160156860779363 0
1 1 0.5
0.5303950534196628 1 1
1 0.9357443834328465 0
1 1 0.5
0.09808346432944115 1 1
1 0.3990516944677578 0
1 1 0.5
0.3883992764526515 1 1
1 0.7184933736383097 0
1 1 0.5
0.43546962094899955 1 1
1 0.9538718899668396 0
1 1 0.5
0.402039694689284 1 1
1 0.13243325086085322 0
1 1 0.5
0.3167434440879813 1 1
1 0.5156531397555144 0
1 1 0.5
0.16152122572762018 1 1
1 0.09303535010965536 0
1 1 0.5
0.45854781959048074 1 1
1 0.9191888793103693 0
1 1 0.5
0.37919928568332784 1 1
1 0.8958156325132985 0
1 1 0.5
0.685605032555816 1 1
1 0.496492667253847 0
1 1 0.5
0.40929556592458094 1 1
1 0.42777678036153255 0
1 1 0.5
0.7334059891485066 1 1
1 0.5155897438092584 0
1 1 0.5
0.3248922357901133 1 1
1 0.0011328177093276048 0
1 1 0.5
0.09045891399257266 1 1
1 0.6642279759397758 0
1 1 0.5
0.32716499049523606 1 1
1 0.15971291351696815 0
1 1 0.5
0.33964551707304425 1 1
1 0.2960056862470186 0
1 1 0.5
0.5418765104503618 1 1
1 0.13996360202138936 0
1 1 0.5
0.7237401457244973 1 1
1 0.5542027522395672 0
1 1 0.5
0.9549859787288355 1 1
1 0.13343729187884912 0
1 1 0.5
0.04215375640497554 1 1
1 0.702143330588499 0
1 1 0.5
0.26314860566493803 1 1
1 0.6287817081006254 0
1 1 0.5
0.4765290698293596 1 1
1 0.9871609570743266 0
1 1 0.5
0.378242039042491 1 1
1 0.09814951961695928 0
1 1 0.5
0.0575263301554525 1 1
1 0.5363138612885343 0
1 1 0.5
0.13321143611107478 1 1
1 0.5976275864619581 0
1 1 0.5
0.7923646874196492 1 1
1 0.5314546121918448 0
1 1 0.5
0.2676315830288025 1 1
1 0.8241962779167129 0
1 1 0.5
0.18777756685787705 1 1
1 0.7912884123862097 0
1 1 0.5
0.28240314757351226 1 1
1 0.745529255793856 0
1 1 0.5
0.4849376788693911 1 1
1 0.8579697409804996 0
1 1 0.5
0.32377040620537845 1 1
1 0.21544655986606898 0
1 1 0.5
0.08279978808834554 1 1
1 0.6706498244064186 0
1 1 0.5
0.8953424385430304 1 1
1 0.01593884379010646 0
1 1 0.5
0.9788813545002523 1 1
1 0.04458401583051508 0
1 1 0.5
0.045365730204933175 1 1
1 0.4131925961226791 0
1 1 0.5
0.0066413399734093215 1 1
1 0.057927690540050536 0
1 1 0.5
0.5751825284992571 1 1
1 0.560325070707229 0
1 1 0.5
0.07815318059994825 1 1
1 0.5181056595049236 0
1 1 0.5
0.3383047089610286 1 1
1 0.8557562726269495 0
1 1 0.5
0.961720176804254 1 1
1 0.48922702821011044 0
1 1 0.5
0.7986091989769891 1 1
1 0.2536478634937085 0
1 1 0.5
0.17138787921647025 1 1
1 0.22182652261901914 0
1 1 0.5
0.46822026682198525 1 1
1 0.2976650474381318 0
1 1 0.5
0.8894744494107679 1 1
1 0.8427532826115837 0
1 1 0.5
0.3455343526698922 1 1
1 0.28715540182354027 0
1 1 0.5
0.746050037645139 1 1
1 0.767496237446425 0
1 1 0.5
0.8181955308401739 1 1
1 0.17372595207174535 0
1 1 0.5
0.6835871335079676 1 1
1 0.2146493360801398 0
1 1 0.5
0.3790431939284047 1 1
1 0.38092515189710185 0
1 1 0.5
0.9248486277520082 1 1
1 0.5027990084184134 0
1 1 0.5
0.887917170701622 1 1
1 0.7280756929111697 0
1 1 0.5
0.2685391648253175 1 1
1 0.21637291254685287 0
1 1 0.5
0.7291221954303205 1 1
1 0.44656932305728825 0
1 1 0.5
0.39945207108631486 1 1
1 0.09682532878238059 0
1 1 0.5
0.2644855344593857 1 1
1 0.5081052887087067 0
1 1 0.5
0.44129524374554374 1 1
1 0.3099989125439959 0
1 1 0.5
0.16286276450950232 1 1
1 0.10928084879095779 0
1 1 0.5
0.6303507795072198 1 1
1 0.7551265884933279 0
1 1 0.5
0.16208755745208991 1 1
1 0.38653991116318875 0
1 1 0.5
0.9534407703895253 1 1
1 0.3948751124124793 0
1 1 0.5
0.7992062257019904 1 1
1 0.14824223980357887 0
1 1 0.5
0.2470724656186578 1 1
1 0.9948279509724541 0
1 1 0.5
0.6363742374439174 1 1
1 0.9921410387790988 0
1 1 0.5
0.32017367195682744 1 1
1 0.9983412800289959 0
1 1 0.5
0.5254976402768424 1 1
1 0.38658112271249434 0
1 1 0.5
0.7889998271791576 1 1
1 0.6054391452256562 0
1 1 0.5
0.35123493390134153 1 1
1 0.4531960540105524 0
1 1 0.5
0.693610801154673 1 1
1 0.31960862390130895 0
1 1 0.5
0.9323413039555474 1 1
1 0.0241252556706405 0
1 1 0.5
0.8850572034422715 1 1
1 0.9047610684517061 0
1 1 0.5
0.5362526889862019 1 1
1 0.1665389793651203 0
1 1 0.5
0.8086177052588174 1 1
1 0.08808712744336455 0
1 1 0.5
0.11013977128046881 1 1
1 0.4495197811565168 0
1 1 0.5
0.11890093301707838 1 1
1 0.06960108299188805 0
1 1 0.5
0.10642897788122008 1 1
1 0.923156196412073 0
1 1 0.5
0.34519272591216343 1 1
1 0.7102480542728699 0
1 1 0.5
0.5888993764543741 1 1
1 0.5141099857301893 0
1 1 0.5
0.5459894335742532 1 1
1 0.10639641879206618 0
1 1 0.5
0.6413946029746096 1 1
1 0.4979782571096846 0
1 1 0.5
0.07484379451820644 1 1
1 0.6139980504539817 0
1 1 0.5
0.19528827998725884 1 1
1 0.8025069382062415 0
1 1 0.5
0.04760037561258179 1 1
1 0.5545103479730451 0
1 1 0.5
0.20831738211615214 1 1
1 0.7214455312343038 0
1 1 0.5
0.6790755362801224 1 1
1 0.09922749773126105 0
1 1 0.5
0.10942766911787594 1 1
1 0.6009565799399526 0
1 1 0.5
0.8826933401565376 1 1
1 0.6995574955606261 0
1 1 0.5
0.5010049542295303 1 1
1 0.2668713926828985 0
1 1 0.5
0.887850078816602 1 1
1 0.027426128725419052 0
1 1 0.5
0.12609133366353997 1 1
1 0.1284784447731646 0
1 1 0.5
0.8183216040076633 1 1
1 0.7598230668790786 0
1 1 0.5
0.08465613029091179 1 1
1 0.9699254461517822 0
1 1 0.5
0.11650470107391664 1 1
1 0.0676316824458495 0
1 1 0.5
0.11423861138078506 1 1
1 0.8040686496134307 0
1 1 0.5
0.9469351522608964 1 1
1 0.3963151599974871 0
1 1 0.5
0.02301776126507349 1 1
1 0.9206906124195992 0
1 1 0.5
0.15804451868511915 1 1
1 0.6151594498163755 0
1 1 0.5
0.09891090325159246 1 1
1 0.07649886415417795 0
1 1 0.5
0.5679824242096596 1 1
1 0.331157074684704 0
1 1 0.5
0.5011479278536494 1 1
1 0.6296044636252298 0
1 1 0.5
0.3244867646359082 1 1
1 0.5999433141666373 0
1 1 0.5
0.08488647890444223 1 1
1 0.8977310930066191 0
1 1 0.5
0.2729238102299878 1 1
1 0.6989777629341152 0
1 1 0.5
0.46425570098796076 1 1
1 0.7493883615383635 0
1 1 0.5
0.23088820036030322 1 1
1 0.6786036283298696 0
1 1 0.5
0.0011158801835535748 1 1
1 0.9664554506843129 0
1 1 0.5
0.9998591542129356 1 1
1 0.21991608092181159 0
1 1 0.5
0.48781860124370313 1 1
1 0.7172834534320578 0
1 1 0.5
0.9147900164246413 1 1
1 0.3967249903251977 0
1 1 0.5
0.5196437842140167 1 1
1 0.14355962414906986 0
1 1 0.5
0.8578907685478582 1 1
1 0.21415525107569167 0
1 1 0.5
0.7648255128967455 1 1
1 0.49297738588172957 0
1 1 0.5
0.7114721190971678 1 1
1 0.6675696027927434 0
1 1 0.5
0.3669645215607781 1 1
1 0.057895177787628316 0
1 1 0.5
0.8717734186353718 1 1
1 0.9918614409111967 0
1 1 0.5
0.06785563799663907 1 1
1 0.9740931668907489 0
1 1 0.5
0.7290326136549073 1 1
1 0.15675982122963106 0
1 1 0.5
0.7419413582647348 1 1
1 0.24664819371200042 0
1 1 0.5
0.3273019929211961 1 1
1 0.695380561249445 0
1 1 0.5
0.3170311968656019 1 1
1 0.538242625158795 0
1 1 0.5
0.42539208427651576 1 1
1 0.30452135446445394 0
1 1 0.5
0.8242198854187264 1 1
1 0.2562432926919588 0
1 1 0.5
0.9228278840470154 1 1
1 0.8529387157329001 0
1 1 0.5
0.12158312195951282 1 1
1 0.03852636243746144 0
1 1 0.5
0.48273042412224465 1 1
1 0.2569367728068769 0
1 1 0.5
0.4949742849884309 1 1
1 0.8135408590863006 0
1 1 0.5
0.07958082201866834 1 1
1 0.3196419962250674 0
1 1 0.5
0.08662076104280769 1 1
1 0.8092828936016111 0
1 1 0.5
0.47421849464743493 1 1
1 0.5877494074771473 0
1 1 0.5
0.7208759041462562 1 1
1 0.7374447014165458 0
1 1 0.5
0.4392888643139846 1 1
1 0.5014480959101636 0
1 1 0.5
0.02221679250700037 1 1
1 0.3959188095092375 0
1 1 0.5
0.18994756635570198 1 1
1 0.20050468017337475 0
1 1 0.5
0.01756467142978646 1 1
1 0.7704858212893368 0
1 1 0.5
0.5611907461286713 1 1
1 0.44568010228321353 0
1 1 0.5
0.4678228421916607 1 1
1 0.4270391259158546 0
1 1 0.5
0.051879556837033936 1 1
1 0.5978125655930142 0
1 1 0.5
0.644822244738332 1 1
1 0.42633709725485025 0
1 1 0.5
0.6515842999479431 1 1
1 0.0886669995305519 0
1 1 0.5
0.30988930276290505 1 1
1 0.8997985633514406 0
1 1 0.5
0.8736840909415543 1 1
1 0.2422948683482179 0
1 1 0.5
0.636632879115294 1 1
1 0.7513447487162379 0
1 1 0.5
0.314108778092246 1 1
1 0.9722834538251249 0
1 1 0.5
0.8026034863066523 1 1
1 0.019341083205880905 0
1 1 0.5
0.05787516288648942 1 1
1 0.1185901413316518 0
1 1 0.5
0.7918588140342275 1 1
1 0.9462434646792276 0
1 1 0.5
0.9398709359124738 1 1
1 0.057537372836602874 0
1 1 0.5
0.3391677302752838 1 1
1 0.16414044836463415 0
1 1 0.5
0.2019025788681682 1 1
1 0.8573260239653029 0
1 1 0.5
0.5928497002969108 1 1
1 0.18451549094629383 0
1 1 0.5
0.6228916713262221 1 1
1 0.54318041531616 0
1 1 0.5
0.3068841173206852 1 1
1 0.7808569898968394 0
1 1 0.5
0.3348688176487157 1 1
1 0.658773344648296 0
1 1 0.5
0.8212019484678789 1 1
1 0.32540764834580804 0
1 1 0.5
0.2720693108456742 1 1
1 0.8158957812390487 0
1 1 0.5
0.5546101794719686 1 1
1 0.5905704236879687 0
1 1 0.5
0.9992450880780234 1 1
1 0.6696889334892687 0
1 1 0.5
0.628167723929521 1 1
1 0.5408295720582799 0
1 1 0.5
0.23504357427419054 1 1
1 0.26925696908965535 0
1 1 0.5
0.3824458166077136 1 1
1 0.3620242809129006 0
1 1 0.5
0.2041458606916099 1 1
1 0.10932822193421865 0
1 1 0.5
0.47905828044301835 1 1
1 0.2994465400215982 0
1 1 0.5
0.423560163298481 1 1
1 0.629145947162172 0
1 1 0.5
0.657948966458694 1 1
1 0.8479467302867278 0
1 1 0.5
0.9158435804105296 1 1
1 0.9459999452289151 0
1 1 0.5
0.39005496244356663 1 1
1 0.6411761773183106 0
1 1 0.5
0.3504734727206601 1 1
1 0.12105875853861692 0
1 1 0.5
0.12542838734854744 1 1
1 0.12679744756811184 0
1 1 0.5
0.18327156991484783 1 1
1 0.3898866330876659 0
1 1 0.5
0.6589587350726692 1 1
1 0.04639888872738007 0
1 1 0.5
0.4294026779028235 1 1
1 0.5314501502825313 0
1 1 0.5
0.42377766852975773 1 1
1 0.48059311995368803 0
1 1 0.5
0.39958800730641164 1 1
1 0.985763598775374 0
1 1 0.5
0.09118039198499683 1 1
1 0.18151504052225775 0
1 1 0.5
0.08799294243608491 1 1
1 0.8183089415628509 0
1 1 0.5
0.6919376391622154 1 1
1 0.8547705134256607 0
1 1 0.5
0.26114925727806615 1 1
1 0.7044737352614876 0
1 1 0.5
0.6707567200379538 1 1
1 0.40918607270074603 0
1 1 0.5
0.7884115372540994 1 1
1 0.9898928954671226 0
1 1 0.5
0.8048953099489279 1 1
1 0.5245940059151134 0
1 1 0.5
0.21748072563131415 1 1
1 0.7470822012662166 0
1 1 0.5
0.8514416090033844 1 1
1 0.17113968927915513 0
1 1 0.5
0.3078157222451361 1 1
1 0.6498314072336996 0
1 1 0.5
0.06256747004526342 1 1
1 0.718518029006761 0
1 1 0.5
0.8853681515634927 1 1
1 0.2062495861568625 0
1 1 0.5
0.3247094858152181 1 1
1 0.6385056004289279 0
1 1 0.5
0.45956486229631166 1 1
1 0.7702059923399838 0
1 1 0.5
0.8413148984429673 1 1
1 0.5251256604640242 0
1 1 0.5
0.2321144736403058 1 1
1 0.6724678520753268 0
1 1 0.5
0.8166980204107257 1 1
1 0.8241672536203853 0
1 1 0.5
0.27028005821045265 1 1
1 0.7645674387000172 0
1 1 0.5
0.44531790473036226 1 1
1 0.33792329078424577 0
1 1 0.5
0.8921149405954714 1 1
1 0.9237918411615729 0
1 1 0.5
0.5863807198978711 1 1
1 0.6285065802466504 0
1 1 0.5
0.6086897278069553 1 1
1 0.8148706492694879 0
1 1 0.5
0.3973281813322135 1 1
1 0.4187785705565419 0
1 1 0.5
0.09649062827112764 1 1
1 0.28825424292640367 0
1 1 0.5
0.14400116115739503 1 1
1 0.3089878366130073 0
1 1 0.5
0.15246642274842293 1 1
1 0.853486182213569 0
1 1 0.5
0.6859789078420196 1 1
1 0.04879340926059539 0
1 1 0.5
0.9614094912277817 1 1
1 0.05087105255385527 0
1 1 0.5
0.34427922809365075 1 1
1 0.2103563815268661 0
1 1 0.5
0.39202708822164434 1 1
1 0.48684564972571065 0
1 1 0.5
0.09558241245050358 1 1
1 0.6503447495723579 0
1 1 0.5
0.6890106681104302 1 1
1 0.6666044936482761 0
1 1 0.5
0.22644688578462102 1 1
1 0.9506986337463126 0
1 1 0.5
0.7855205093157644 1 1
1 0.8096094752119667 0
1 1 0.5
0.396948962954089 1 1
1 0.1084551337429015 0
1 1 0.5
0.04086842673051849 1 1
1 0.48856472657690975 0
1 1 0.5
0.18713436069811284 1 1
1 0.44236322187051524 0
1 1 0.5
0.47975330905437397 1 1
1 0.5867113977340226 0
1 1 0.5
0.2108501606125086 1 1
1 0.7561599920768521 0
1 1 0.5
0.07165907173679797 1 1
1 0.5862632706599303 0
1 1 0.5
0.7934135213954868 1 1
1 0.2735432017598832 0
1 1 0.5
0.14246563542264246 1 1
1 0.555117793732718 0
1 1 0.5
0.9440729071877383 1 1
1 0.6696768611422751 0
1 1 0.5
0.6427627457025206 1 1
1 0.23422589150008077 0
1 1 0.5
0.8617552892330713 1 1
1 0.6661496816429912 0
1 1 0.5
0.9968983709361524 1 1
1 0.45161921597856036 0
1 1 0.5
0.10033355567834357 1 1
1 0.4092535220502075 0
1 1 0.5
0.18571495765896073 1 1
1 0.6762961784004148 0
1 1 0.5
0.6082696358196605 1 1
1 0.04639519456057972 0
1 1 0.5
0.10102193082917355 1 1
1 0.39274753531710893 0
1 1 0.5
0.294467744951073 1 1
1 0.6724770450755203 0
1 1 0.5
0.8678466815197323 1 1
1 0.8072594279916554 0
1 1 0.5
0.317811911790569 1 1
1 0.15851098838860478 0
1 1 0.5
0.7728866909659191 1 1
1 0.6998163037844719 0
1 1 0.5
0.9681091222129493 1 1
1 0.603470107375263 0
1 1 0.5
0.7981394362644953 1 1
1 0.9452444956587256 0
1 1 0.5
0.28621244901537746 1 1
1 0.5286182368641748 0
1 1 0.5
0.5962631726971194 1 1
1 0.3592328309814199 0
1 1 0.5
0.2707580450016741 1 1
1 0.6020497302320535 0
1 1 0.5
0.15716779770488076 1 1
1 0.2124848430351205 0
1 1 0.5
0.902896930240882 1 1
1 0.9466971709977505 0
1 1 0.5
0.6373837359710293 1 1
1 0.6924923402612495 0
1 1 0.5
0.7293766900973123 1 1
1 0.024649801370041136 0
1 1 0.5
0.6886030358091825 1 1
1 0.14120467660454095 0
1 1 0.5
0.31357198640727724 1 1
1 0.7463127673674794 0
1 1 0.5
0.2673324232489285 1 1
1 0.9972539558522099 0
1 1 0.5
0.32313392100690186 1 1
1 0.7543850359422892 0
1 1 0.5
0.625941877106229 1 1
1 0.6821641258890173 0
1 1 0.5
0.17423937512523946 1 1
1 0.8956140845614168 0
1 1 0.5
0.10390068953741782 1 1
1 0.3153924659115951 0
1 1 0.5
0.8251476156811416 1 1
1 0.9055341555870734 0
1 1 0.5
0.9795448398029564 1 1
1 0.8896254092179198 0
1 1 0.5
0.0843927628745006 1 1
1 0.24119244992675626 0
1 1 0.5
0.31747290092639213 1 1
1 0.41112685496492474 0
1 1 0.5
0.5299858378765239 1 1
1 0.6130641103383841 0
1 1 0.5
0.3491100053717535 1 1
1 0.0899456698726876 0
1 1 0.5
0.8641181666491927 1 1
1 0.15753247013226723 0
1 1 0.5
0.4141406168629872 1 1
1 0.8350031765246464 0
1 1 0.5
0.4651528203734133 1 1
1 0.8893019689408903 0
1 1 0.5
0.7598105218414962 1 1
1 0.9764604508810464 0
1 1 0.5
0.9978449251649413 1 1
1 0.47704632514335865 0
1 1 0.5
0.17344567252955112 1 1
1 0.5963402664680285 0
1 1 0.5
0.5145264763637254 1 1
1 0.5978996923724644 0
1 1 0.5
0.7281683567017196 1 1
1 0.6382660192524531 0
1 1 0.5
0.9827807827827335 1 1
1 0.9371250410297775 0
1 1 0.5
0.8107095245408006 1 1
1 0.8802476701033498 0
1 1 0.5
0.9701916866766538 1 1
1 0.5825909085546088 0
1 1 0.5
0.27012490843965087 1 1
1 0.005927242151418155 0
1 1 0.5
0.8630402017268234 1 1
1 0.30024622996263817 0
1 1 0.5
0.7655063017277483 1 1
1 0.3904570438706183 0
1 1 0.5
0.9833851859886574 1 1
1 0.6917815417877101 0
1 1 0.5
0.7282732199535051 1 1
1 0.25292351136594715 0
1 1 0.5
0.31338303582799365 1 1
1 0.8078333414559505 0
1 1 0.5
0.28597267863806763 1 1
1 0.617661509469168 0
1 1 0.5
0.8679013379205316 1 1
1 0.9525778701430305 0
1 1 0.5
0.19337465510647356 1 1
1 0.6278666110060028 0
1 1 0.5
0.3578322269497052 1 1
1 0.18164875691522964 0
1 1 0.5
0.7690821901553226 1 1
1 0.776124529555343 0
1 1 0.5
0.543780688135554 1 1
1 0.5372963949730053 0
1 1 0.5
0.04104831401274078 1 1
1 0.07034796048779735 0
1 1 0.5
0.28444847861218314 1 1
1 0.7644283417985347 0
1 1 0.5
0.3831436507694692 1 1
1 0.31313244364617177 0
1 1 0.5
0.05296836742780031 1 1
1 0.8376816167645812 0
1 1 0.5
0.6550771639107045 1 1
1 0.6825579830659084 0
1 1 0.5
0.1464171079343971 1 1
1 0.8819523823196006 0
1 1 0.5
0.30920394494696035 1 1
1 0.8307159104413313 0
1 1 0.5
0.3709057591438697 1 1
1 0.36095830573743193 0
1 1 0.5
0.15595548691734662 1 1
1 0.38887594946990767 0
1 1 0.5
0.5463095705837803 1 1
1 0.9630792615429381 0
1 1 0.5
0.39379503557210294 1 1
1 0.31347317961927523 0
1 1 0.5
0.20538567436261923 1 1
1 0.6045157644392708 0
1 1 0.5
0.14213020290117173 1 1
1 0.3650896555328026 0
1 1 0.5
0.8896355833134303 1 1
1 0.2195976742712742 0
1 1 0.5
0.02707394327736168 1 1
1 0.9588653625163089 0
1 1 0.5
0.15164838661289948 1 1
1 0.5476594367215573 0
1 1 0.5
0.47087725299979055 1 1
1 0.424947826679813 0
1 1 0.5
0.7347499853217201 1 1
1 0.7961183537508878 0
1 1 0.5
0.5682913571844447 1 1
1 0.5927748987334892 0
1 1 0.5
0.4731148190056763 1 1
1 0.38679814742599883 0
1 1 0.5
0.7648910195926524 1 1
1 0.56999010947236 0
1 1 0.5
0.7014609681223428 1 1
1 0.6509480676823038 0
1 1 0.5
0.862823841854407 1 1
1 0.8855660247548294 0
1 1 0.5
0.009002063761862189 1 1
1 0.8433370741945917 0
1 1 0.5
0.6525294313686469 1 1
1 0.0608940517100528 0
1 1 0.5
0.33283741600789296 1 1
1 0.6233116040985198 0
1 1 0.5
0.29012632328378996 1 1
1 0.1372785748751727 0
1 1 0.5
0.9887181788001796 1 1
1 0.618936386446993 0
1 1 0.5
0.21411996819828938 1 1
1 0.8806952192584294 0
1 1 0.5
0.4957740445673646 1 1
1 0.46369224444699575 0
1 1 0.5
0.32886094786441533 1 1
1 0.3441738029851442 0
1 1 0.5
0.6580756021429177 1 1
1 0.48171925712728747 0
1 1 0.5
0.7293994726057117 1 1
1 0.7291428597711986 0
1 1 0.5
0.15218106000056641 1 1
1 0.5654926010545936 0
1 1 0.5
0.7910073383788719 1 1
1 0.4531457275693348 0
1 1 0.5
0.8354282503224143 1 1
1 0.6091292192358181 0
1 1 0.5
0.12188910871961678 1 1
1 0.18002855164261322 0
1 1 0.5
0.7833846419891521 1 1
1 0.3187707583296121 0
1 1 0.5
0.8888688612346817 1 1
1 0.9014444155047687 0
1 1 0.5
0.09459882656712804 1 1
1 0.8860228661783579 0
1 1 0.5
0.7196503989339262 1 1
1 0.1251225749835485 0
1 1 0.5
0.6632379354379593 1 1
1 0.30183650892420044 0
1 1 0.5
0.4639382143363767 1 1
1 0.16189189078779553 0
1 1 0.5
0.6872803763866505 1 1
1 0.5201567722116591 0
1 1 0.5
0.3355845634802692 1 1
1 0.16308603674894362 0
1 1 0.5
0.7361563474607046 1 1
1 0.8369995444545129 0
1 1 0.5
0.3171693292732265 1 1
1 0.13467762911715953 0
1 1 0.5
0.7899545011280164 1 1
1 0.21081142890759663 0
1 1 0.5
0.3720600194104049 1 1
1 0.8573355617356382 0
1 1 0.5
0.9042970437493819 1 1
1 0.2428546648521701 0
1 1 0.5
0.5828001569840962 1 1
1 0.6107806620396123 0
1 1 0.5
0.06691884479481769 1 1
1 0.6569097293728234 0
1 1 0.5
0.7946484053080483 1 1
1 0.987894292612095 0
1 1 0.5
0.06338189162040764 1 1
1 0.7626209061042677 0
1 1 0.5
0.39662718298466726 1 1
1 0.1761181030804867 0
1 1 0.5
0.11732536363424151 1 1
1 0.08881295497610309 0
1 1 0.5
0.5984335312033863 1 1
1 0.8652206849633131 0
1 1 0.5
0.8854579155792448 1 1
1 0.7939768998391297 0
1 1 0.5
0.14213010136513438 1 1
1 0.30632699059577184 0
1 1 0.5
0.10928351657801583 1 1
1 0.0666182577824237 0
1 1 0.5
0.9315276363345388 1 1
1 0.5484422697330146 0
1 1 0.5
0.34423352931814655 1 1
1 0.815160634548653 0
1 1 0.5
0.32488228036231337 1 1
1 0.5135172317088429 0
1 1 0.5
0.1951301205321332 1 1
1 0.6638336122524705 0
1 1 0.5
0.20821611672279972 1 1
1 0.25836535446092335 0
1 1 0.5
0.5200106788773745 1 1
1 0.5248705850507108 0
1 1 0.5
0.37169203457290123 1 1
1 0.9762736816888351 0
1 1 0.5
0.8364447357394211 1 1
1 0.11607088755041983 0
1 1 0.5
0.26328854368309296 1 1
1 0.9422931280354356 0
1 1 0.5
0.2365137337250084 1 1
1 0.6966079498247079 0
1 1 0.5
0.5538743139897051 1 1
1 0.2384585956475881 0
1 1 0.5
0.41335781286725093 1 1
1 0.2888032306735413 0
1 1 0.5
0.1857505396642929 1 1
1 0.7293107971670004 0
1 1 0.5
0.712563440251314 1 1
1 0.4932110687126968 0
1 1 0.5
0.7367919192280025 1 1
1 0.7008677625680872 0
1 1 0.5
0.9213651513310299 1 1
1 0.7676850323629101 0
1 1 0.5
0.8754986727586903 1 1
1 0.054032935255156844 0
1 1 0.5
0.7559473431924602 1 1
1 0.7362274200949189 0
1 1 0.5
0.7780035191550486 1 1
1 0.2700388823728719 0
1 1 0.5
0.18129000155715813 1 1
1 0.9255236327055525 0
1 1 0.5
0.8779332331678172 1 1
1 0.8963301087458386 0
1 1 0.5
0.49568187854685075 1 1
1 0.45605498161166413 0
1 1 0.5
0.9910949208385333 1 1
1 0.23407948428657088 0
1 1 0.5
0.10089109027028009 1 1
1 0.22862725121907534 0
1 1 0.5
0.4021720233914846 1 1
1 0.8722417798009255 0
1 1 0.5
0.5009165244692481 1 1
1 0.1261220723024692 0
1 1 0.5
0.5155038099902832 1 1
1 0.8930046844235621 0
1 1 0.5
0.9587927203940709 1 1
1 0.6267197712553303 0
1 1 0.5
0.9889128413266128 1 1
1 0.21758529495194545 0
1 1 0.5
0.3436386759009785 1 1
1 0.9412162526816645 0
1 1 0.5
0.009474581557651351 1 1
1 0.9446663538098826 0
1 1 0.5
0.9485203930076893 1 1
1 0.5620427154738896 0
1 1 0.5
0.4889981669248964 1 1
1 0.26089679318420955 0
1 1 0.5
0.8546449148701964 1 1
1 0.3426183178079797 0
1 1 0.5
0.6136036409933006 1 1
1 0.4004437160477414 0
1 1 0.5
0.06609222830019257 1 1
1 0.38382796687413523 0
1 1 0.5
0.19473142951314804 1 1
1 0.3651113325201538 0
1 1 0.5
0.25912674878221353 1 1
1 0.6125768149789582 0
1 1 0.5
0.1992975054070213 1 1
1 0.048466267055768064 0
1 1 0.5
0.6117055977262261 1 1
1 0.7149850467159724 0
1 1 0.5
0.7957742927290836 1 1
1 0.8041851435013416 0
1 1 0.5
0.0906234744124973 1 1
1 0.5071913177361894 0
1 1 0.5
0.012195421437500853 1 1
1 0.8959688825079006 0
1 1 0.5
0.5199841520381744 1 1
1 0.2917124007261952 0
1 1 0.5
0.8873100920902436 1 1
1 0.6495804500076354 0
1 1 0.5
0.10137358563328436 1 1
1 0.19199539226118922 0
1 1 0.5
0.3777901655974304 1 1
1 0.9549616525123072 0
1 1 0.5
0.9271013295344845 1 1
1 0.17841346869875274 0
1 1 0.5
0.5861237251596844 1 1
1 0.21650047329747613 0
1 1 0.5
0.6522587536136407 1 1
1 0.19125935829258567 0
1 1 0.5
0.5654460259336044 1 1
1 0.6904431591915978 0
1 1 0.5
0.38739566582390894 1 1
1 0.758344705048397 0
1 1 0.5
0.9472645846164783 1 1
1 0.9640759252972332 0
1 1 0.5
0.667441976935117 1 1
1 0.8042309111209572 0
1 1 0.5
0.2153671441362458 1 1
1 0.8026010997433676 0
1 1 0.5
0.27056593230070236 1 1
1 0.5107263157325315 0
1 1 0.5
0.46761491937169886 1 1
1 0.9067761480588258 0
1 1 0.5
0.5144301665348947 1 1
1 0.3427657729609288 0
1 1 0.5
0.4420217078645088 1 1
1 0.3661279397434424 0
1 1 0.5
0.20450134479214532 1 1
1 0.4957513648837948 0
1 1 0.5
0.9532278335273975 1 1
1 0.16623544501742205 0
1 1 0.5
0.05481449942426109 1 1
1 0.9904807083780024 0
1 1 0.5
0.908137816922929 1 1
1 0.49953568023353034 0
1 1 0.5
0.6532011094554555 1 1
1 0.4904773307672523 0
1 1 0.5
0.7659574580599685 1 1
1 0.020015372717535174 0
1 1 0.5
0.11434936368616389 1 1
1 0.6713885189510993 0
1 1 0.5
0.306291456576384 1 1
1 0.7472763908220444 0
1 1 0.5
0.3145632116732652 1 1
1 0.5532667569206927 0
1 1 0.5
0.9122842828845392 1 1
1 0.9324782608919087 0
1 1 0.5
0.2539046454680193 1 1
1 0.21669514145865842 0
1 1 0.5
0.32743245009464617 1 1
1 0.6398316241045757 0
1 1 0.5
0.6870108094645802 1 1
1 0.5637376006289189 0
1 1 0.5
0.5933131033148781 1 1
1 0.003921459410411665 0
1 1 0.5
0.8340052569731072 1 1
1 0.5267899386393933 0
1 1 0.5
0.09215696806853801 1 1
1 0.6537429558677618 0
1 1 0.5
0.9613201176258286 1 1
1 0.2585193799600256 0
1 1 0.5
0.19970445011690185 1 1
1 0.5487793428413106 0
1 1 0.5
0.1687941856916474 1 1
1 0.32580686403806935 0
1 1 0.5
0.6233496221732069 1 1
1 0.32555961372189135 0
1 1 0.5
0.2197688063117208 1 1
1 0.05430633211492808 0
1 1 0.5
0.5644933661070624 1 1
1 0.946407231615129 0
1 1 0.5
0.2581653293843441 1 1
1 0.07837794527697395 0
1 1 0.5
0.21702279852686313 1 1
1 0.1412751400519462 0
1 1 0.5
0.4306509776758387 1 1
1 0.6235062246687489 0
1 1 0.5
0.24188097832090638 1 1
1 0.6868955837390229 0
1 1 0.5
0.14744742219895357 1 1
1 0.8938948723226176 0
1 1 0.5
0.1224858809959144 1 1
1 0.5058872247154643 0
1 1 0.5
0.46265877861869753 1 1
1 0.4535774269626961 0
1 1 0.5
0.04591368228297754 1 1
1 0.8696479339033722 0
1 1 0.5
0.927726285234435 1 1
1 0.7075363855318856 0
1 1 0.5
0.02826907637735221 1 1
1 0.9421402486713989 0
1 1 0.5
0.35720527543578184 1 1
1 0.6098658055554947 0
1 1 0.5
0.4757698713303611 1 1
1 0.4435195620284629 0
1 1 0.5
0.12875079693036895 1 1
1 0.4440204324593914 0
1 1 0.5
0.0066253457801657145 1 1
1 0.3676900411081214 0
1 1 0.5
0.21491993266236653 1 1
1 0.07067494993536882 0
1 1 0.5
0.6603056445765415 1 1
1 0.9060208029430601 0
1 1 0.5
0.07746596870943534 1 1
1 0.33155853110763456 0
1 1 0.5
0.5796848917149343 1 1
1 0.5463221914952311 0
1 1 0.5
0.9775293331511898 1 1
1 0.18115026714703275 0
1 1 0.5
0.7973716533946115 1 1
1 0.720950390095237 0
1 1 0.5
0.6355979794587304 1 1
1 0.3915025234727272 0
1 1 0.5
0.14306869861607574 1 1
1 0.5245448618891848 0
1 1 0.5
0.6355615122993507 1 1
1 0.5097845888170361 0
1 1 0.5
0.4901522570854152 1 1
1 0.31781687228884303 0
1 1 0.5
0.4874544872350499 1 1
1 0.4007787296332188 0
1 1 0.5
0.8688882061780742 1 1
1 0.19850135334124552 0
1 1 0.5
0.828565466981871 1 1
1 0.5760861399017856 0
1 1 0.5
0.6558049353087684 1 1
1 0.05311680890050918 0
1 1 0.5
0.5026600966403898 1 1
1 0.6845925528552615 0
1 1 0.5
0.07328958887533565 1 1
1 0.044376593732239566 0
1 1 0.5
0.5316808590666258 1 1
1 0.0539346472018013 0
1 1 0.5
0.14508398098537367 1 1
1 0.607356167348506 0
1 1 0.5
0.9100109124576902 1 1
1 0.7455220001151308 0
1 1 0.5
0.7037156869505486 1 1
1 0.5912785191328621 0
1 1 0.5
0.5760768989509776 1 1
1 0.042945938434327036 0
1 1 0.5
0.9234353595275538 1 1
1 0.06550640159659427 0
1 1 0.5
0.3703464553055167 1 1
1 0.5815206980775278 0
1 1 0.5
0.8222761248663476 1 1
1 0.3269069472080188 0
1 1 0.5
0.8738509463822401 1 1
1 0.009163549674414018 0
1 1 0.5
0.6266293545769307 1 1
1 0.864820611117162 0
1 1 0.5
0.7173560542855829 1 1
1 0.4075795929707763 0
1 1 0.5
0.3935741605145727 1 1
1 0.8072822788263038 0
1 1 0.5
0.5784463618169805 1 1
1 0.7388205643891217 0
1 1 0.5
0.99182596130915 1 1
1 0.7711295881169098 0
1 1 0.5
0.7885585313417631 1 1
1 0.8990732852177972 0
1 1 0.5
0.19393697722436287 1 1
1 0.6663965208763898 0
1 1 0.5
0.6411437228816785 1 1
1 0.9618239524131836 0
1 1 0.5
0.18440769418178182 1 1
1 0.2947088787853527 0
1 1 0.5
0.16606403998737884 1 1
1 0.880047453405934 0
1 1 0.5
0.7375849638526479 1 1
1 0.22896608913387295 0
1 1 0.5
0.2855224718856869 1 1
1 0.25657264708102145 0
1 1 0.5
0.28565686236805066 1 1
1 0.4539764900801656 0
1 1 0.5
0.8010125162884184 1 1
1 0.5751987755875562 0
1 1 0.5
0.11155300768890641 1 1
1 0.7107288968704847 0
1 1 0.5
0.7574085009418168 1 1
1 0.6268735496062897 0
1 1 0.5
0.6038158641365429 1 1
1 0.38227201587490245 0
1 1 0.5
0.34782390042203604 1 1
1 0.6245037792280425 0
1 1 0.5
0.8629716135946891 1 1
1 0.06198918758696581 0
1 1 0.5
0.8587773438628408 1 1
1 0.5923759509855604 0
1 1 0.5
0.9180581300494672 1 1
1 0.34502738032208446 0
1 1 0.5
0.2171548052704121 1 1
1 0.5036037810098186 0
1 1 0.5
0.14369245387909535 1 1
1 0.09326835114026277 0
1 1 0.5
0.8353930225037315 1 1
1 0.5740652111510813 0
1 1 0.5
0.6810633257310805 1 1
1 0.09095969556259731 0
1 1 0.5
0.48573242952134754 1 1
1 0.2625206605079121 0
1 1 0.5
0.10232311937033822 1 1
1 0.7288523463918302 0
1 1 0.5
0.6020393674600958 1 1
1 0.06676761807041665 0
1 1 0.5
0.505168211983515 1 1
1 0.9283278570686274 0
1 1 0.5
0.23031600047425138 1 1
1 0.7850577296417603 0
1 1 0.5
0.13728712587744796 1 1
1 0.7804476962304675 0
1 1 0.5
0.5091569462253263 1 1
1 0.10268770303918029 0
1 1 0.5
0.00586875534396214 1 1
1 0.44396531213027013 0
1 1 0.5
0.6946029195316419 1 1
1 0.8791229898354898 0
1 1 0.5
0.6470792856837191 1 1
1 0.02106758433882816 0
1 1 0.5
0.9863827745871095 1 1
1 0.8758116015776111 0
1 1 0.5
0.7124816172689843 1 1
1 0.39505292737301356 0
1 1 0.5
0.2594091293507075 1 1
1 0.3835064411403907 0
1 1 0.5
0.6119057907843624 1 1
1 0.65140551067625 0
1 1 0.5
0.47358655487149026 1 1
1 0.49593193018772097 0
1 1 0.5
0.9177495458319175 1 1
1 0.5984925584991825 0
1 1 0.5
0.7696474940791587 1 1
1 0.9104952295481679 0
1 1 0.5
0.934744734503712 1 1
1 0.768408002478931 0
1 1 0.5
0.8173838895662534 1 1
1 0.525803793412408 0
1 1 0.5
0.6390167047837871 1 1
1 0.43642862640420255 0
1 1 0.5
0.6616313663231789 1 1
1 0.5959701175216876 0
1 1 0.5
0.8011502042464391 1 1
1 0.9659229666023857 0
1 1 0.5
0.4956142328073956 1 1
1 0.6322687635706417 0
1 1 0.5
0.5977513255080136 1 1
1 0.8618081096337818 0
1 1 0.5
0.5587314194738731 1 1
1 0.5237567824940069 0
1 1 0.5
0.9756861283059503 1 1
1 0.518283195663579 0
1 1 0.5
0.30728461717646205 1 1
1 0.2892136699234231 0
1 1 0.5
0.02814475231837743 1 1
1 0.08978570721193091 0
1 1 0.5
0.3361380628817927 1 1
1 0.4420978715464089 0
1 1 0.5
0.9987453844876535 1 1
1 0.027077830010763915 0
1 1 0.5
0.7733980389369562 1 1
1 0.42904122242975296 0
1 1 0.5
0.17534020466670852 1 1
1 0.28795264080980587 0
1 1 0.5
0.48746898980421116 1 1
1 0.6864857562780731 0
1 1 0.5
0.9422849903676986 1 1
1 0.09840362224336441 0
1 1 0.5
0.869337910513574 1 1
1 0.056090259271623255 0
1 1 0.5
0.18079812142370355 1 1
1 0.9940173465384574 0
1 1 0.5
0.8927433535271732 1 1
1 0.5580525933663886 0
1 1 0.5
0.4092481105559288 1 1
1 0.6217461578174877 0
1 1 0.5
0.3660679902727356 1 1
1 0.7658536783127593 0
1 1 0.5
0.48447584134269994 1 1
1 0.24668200192077694 0
1 1 0.5
0.9749633807574841 1 1
1 0.22161250814349442 0
1 1 0.5
0.7215378551341793 1 1
1 0.18721210733681548 0
1 1 0.5
0.04464231704455812 1 1
1 0.4475834984866085 0
1 1 0.5
0.9738893607604783 1 1
1 0.3940957385841357 0
1 1 0.5
0.4845079221587467 1 1
1 0.781711436455782 0
1 1 0.5
0.0016344402849705064 1 1
1 0.8552076475545359 0
1 1 0.5
0.2637580347561532 1 1
1 0.8543300335277143 0
1 1 0.5
0.4297906764071523 1 1
1 0.10217836397405833 0
1 1 0.5
0.2708923719393913 1 1
1 0.10506307882782118 0
1 1 0.5
0.6251483735600705 1 1
1 0.5453311198199918 0
1 1 0.5
0.14165092550915237 1 1
1 0.3344014463963888 0
1 1 0.5
0.11427092536897987 1 1
1 0.13395351609660167 0
1 1 0.5
0.5313781300045601 1 1
1 0.972522266410988 0
1 1 0.5
0.28024099281252357 1 1
1 0.04369848428867662 0
1 1 0.5
0.47898519167338505 1 1
1 0.8687021118104622 0
1 1 0.5
0.6321898512506278 1 1
1 0.794022106213007 0
1 1 0.5
0.32318573252958627 1 1
1 0.060661448200453716 0
1 1 0.5
0.3878565753892026 1 1
1 0.03848310889561668 0
1 1 0.5
0.8831330021195817 1 1
1 0.09771167740107933 0
1 1 0.5
0.5144225751264359 1 1
1 0.4306496448530547 0
1 1 0.5
0.1828615480108886 1 1
1 0.5184718972380651 0
1 1 0.5
0.0033017067743188466 1 1
1 0.9233171921046971 0
1 1 0.5
0.54680109212925 1 1
1 0.2688828577024741 0
1 1 0.5
0.3849730937711022 1 1
1 0.2169146575477281 0
1 1 0.5
0.5616661409416793 1 1
1 0.4147126778245227 0
1 1 0.5
0.24386936882991261 1 1
1 0.40371329119806976 0
1 1 0.5
0.5507560908011484 1 1
1 0.8643565184242761 0
1 1 0.5
0.5721247015594215 1 1
1 0.7980437527438832 0
1 1 0.5
0.926831144908033 1 1
1 0.7061422759176307 0
1 1 0.5
0.6298623482920233 1 1
1 0.7986571034644085 0
1 1 0.5
0.10456605229427918 1 1
1 0.6547056153968079 0
1 1 0.5
0.632208471018671 1 1
1 0.41219715482712593 0
1 1 0.5
0.23656977019090264 1 1
1 0.2594776830529407 0
1 1 0.5
0.934918610230025 1 1
1 0.6211141963982777 0
1 1 0.5
0.634729338519511 1 1
1 0.13049635487585365 0
1 1 0.5
0.13940319489124664 1 1
1 0.16979268046776796 0
1 1 0.5
0.41990611159998226 1 1
1 0.8587739722240653 0
1 1 0.5
0.8494886591576807 1 1
1 0.3430038228826069 0
1 1 0.5
0.43859589054123393 1 1
1 0.28438224566034 0
1 1 0.5
0.29271394325085454 1 1
1 0.024634680975311185 0
1 1 0.5
0.08944000226827575 1 1
1 0.38968804819972735 0
1 1 0.5
0.4633164684803146 1 1
1 0.5885148887125554 0
1 1 0.5
0.7139090897701578 1 1
1 0.8064446527113438 0
1 1 0.5
0.13648760317707453 1 1
1 0.5769194396043873 0
1 1 0.5
0.6711074979292873 1 1
1 0.8408211883826128 0
1 1 0.5
0.33076773163704287 1 1
1 0.9659909891742507 0
1 1 0.5
0.14427921893481543 1 1
1 0.6180502495146369 0
1 1 0.5
0.08561587674112525 1 1
1 0.6269077506932731 0
1 1 0.5
0.8045709350334778 1 1